The best solution found:                                                                           
 [0.10289659 0.17236928 0.08670322 0.16888739 0.70381388 0.02413803
 0.18224455 0.10120056 0.01306575 0.61915864 0.24596923 0.11352018
 0.39380199 0.5253172  0.05473649 0.13839129 0.67431955]

 Objective function:
 724.1448551624303

 The best solution found:                                                                           
 [0.10595439 0.1616624  0.06784442 0.14136415 0.82396203 0.11739588
 0.40094795 0.56003186 0.02588454 0.61580443 0.2896496  0.021869
 0.64807747 0.86327357 0.09504021 0.17293219 0.83553453]

 Objective function:
 553.4228961060029